12.09
12.79
14.19001
14.89001
19.99003
22.19004
23.69004
26.19005
26.99006
28.29006
29.19007
30.79007
31.59007
33.09008
33.89008
36.39004
38.39001
40.78997
42.28995
42.88994
44.48991
45.1899
46.78988
47.48987
48.98985
49.88983
51.38981
52.1898
54.38976
56.48973
56.98972
58.98969
60.48967
62.98963
63.88962
65.2896
66.08958
67.78956
68.48955
69.68953
70.58952
72.88948
74.48946
75.38944
77.58941
78.98939
81.48935
82.28934
83.88931
84.6893
85.98928
86.78927
88.38924
89.18923
91.3892
92.98917
93.88916
95.98913
97.48911
99.88907
100.5891
102.089
102.889
104.489
105.189
106.789
107.6889
109.8889
111.4889
112.1889
114.4888
115.9888
116.5888
118.3888
118.9888
120.5888
121.2887
122.9887
123.8887
125.2887
126.0887
128.5886
129.9886
130.5887
132.0888
133.4889
134.4889
137.1891
137.7891
139.2892
140.0893
141.6894
142.5894
143.8895
144.6895
146.9897
148.4898
148.9898
151.39
152.79
153.5901
155.4902
156.0902
157.6903
158.2904
160.0905
160.8905
162.4906
163.2907
165.3908
166.8909
167.6909
169.091
169.9911
171.1912
173.8913
174.4914
176.0915
176.5915
177.1915
178.7916
179.3917
180.7917
181.5918
183.9919
185.392
186.2921
188.5922
189.8923
192.2924
193.0925
194.3926
195.4926
196.8927
197.5928
198.9929
199.7929
202.4931
203.8932
204.3932
206.4933
207.1934
208.4934
210.8936
211.5936
213.1937
213.9938
215.7939
217.594
218.394
220.8942
222.2943
223.1943
225.1945
226.7946
227.4946
229.0947
232.7949
234.695
235.3951
236.4951
237.2952
239.1953
240.5954
241.3954
243.1956
243.9956
245.0957
247.5958
248.1959
249.896
250.596
252.0961
252.7961
254.3962
254.9963
257.6964
259.0965
259.9966
261.8967
262.5967
263.8968
264.7969
266.297
266.897
268.2971
269.0971
270.4972
271.3973
272.6974
273.5974
276.0976
277.4977
278.0977
280.0978
280.8979
281.9979
284.8981
285.7982
287.2982
287.8983
289.2984
289.9984
291.6985
292.4986
294.5987
295.8988
298.3989
298.999
300.4991
302.7992
303.3992
305.4994
306.1994
307.6995
308.3995
309.8996
310.6997
312.7998
314.3999
315.2
316.6
317.8001
319.5002
319.6002
321.6003
322.3004
323.8005
324.7005
326.0006
326.7007
328.2007
329.0008
330.8009
332.801
333.5011
335.0012
335.7012
337.4013
338.0013
339.8015
340.4015
342.2016
342.9016
344.5017
345.4018
346.9019
347.6019
349.9021
351.3022
352.3022
354.4023
355.9024
358.0026
358.7026
360.5027
361.2028
363.0029
363.6029
365.203
366.0031
368.3032
370.0033
370.4033
372.4034
373.0035
374.4036