-0.1100035
6.189995
7.289994
9.389992
10.18999
12.19
13.89001
17.89002
21.49004
25.29005
28.79006
32.89008
36.49004
40.18998
44.18992
47.58987
51.28981
55.28975
58.7897
62.68964
66.08958
70.18952
73.88947
75.48944
77.68941
81.38935
83.58932
84.4893
85.78928
87.78925
89.38923
91.0892
93.28917
96.48912
100.4891
103.789
108.0889
111.6889
115.4888
119.0888
122.9887
124.5887
126.5887
128.5886
130.3887
132.1888
134.2889
137.8891
139.5892
141.7894
145.4896
147.3897
149.3898
152.89
156.6903
158.7904
160.9905
164.0907
168.091
171.7912
175.5914
179.1917
183.0919
184.892
186.9921
188.6922
189.7923
190.6924
192.4925
194.1926
197.8928
201.693
203.7932
204.9932
205.9933
207.6934
209.3935
213.0937
216.6939
218.5941
219.6941
224.2944
227.8946
231.5948
235.3951
238.9953
242.9955
244.5956
246.7958
248.5959
250.696
252.1961
254.3962
256.1964
258.0965
259.8966
261.6967
264.3969
266.597
267.297
269.2971
271.0973
272.9974
274.8975
276.6976
278.4977
279.8978
282.598
284.2981
286.2982
288.1983
291.4985
292.9986
294.2987
296.2988
297.0988
298.6989
299.499
301.1991
303.0992
304.8993
306.5994
308.3995
309.3996
311.9998
314.3999
317.7001
318.7002
319.6002
320.4003
321.8004
324.4005
325.8006
326.7007
327.6007
328.9008
329.4008
330.4009
331.1009
333.001
335.0012
336.7013
338.8014
339.8015
340.6015
341.4016
342.1016
343.7017
346.2018
347.6019
348.302
349.9021
350.9021
351.9022
353.3023
354.5023
355.5024
356.7025
357.6025
358.7026
359.6027
360.5027
361.3028
363.2029
366.8031
367.7032
368.7032
370.1033
371.8034
372.6035
374.3036
376.1037
378.2038
380.1039
381.904
382.5041
384.6042
386.4043
387.3044
389.3045
391.2046
393.0047
395.0048
396.8049
397.405
399.5051
401.7052
402.8053
404.3054
406.2055
408.1056
409.8057
411.6058
412.8059
414.606
415.5061
417.0062
417.8062
419.3063
421.2064
423.1065
425.0067
425.9067
427.0068
427.9068
429.5069
431.7071
433.9072
434.5072
436.3073
438.1075
439.9076
441.6077
443.4078
444.4078
445.2079
446.508
447.208
448.0081
449.2081
451.3083
453.2084
454.9085
456.8086
458.1087
458.7087
459.7088
461.1089
463.009
464.4091
466.4092
468.0093
469.0093
469.9094
470.7094
471.5095
472.3095
473.4096
474.5097
475.8098
477.1098
478.2099
479.21
481.3101
483.2102
485.1103
486.8104
487.8105
488.7105
490.1106
491.6107
492.7108
494.3109
495.611
496.511
497.7111
498.1111
499.5112
500.2112
501.3113
503.6115
505.2115
508.9118
513.012
514.9117
516.4113
518.5108
519.6105
520.4103
522.6098
524.3094
526.3089
528.1085
531.6076
534.007
534.8068
535.8066
537.4062
538.206
539.3057
540.0056
541.7051
543.4047
545.2043
546.9039
547.8036
548.6035
549.7032
550.7029
552.4025
554.3021
558.0012
561.7003
562.6
563.6998
564.4996
565.3994
569.1984
572.7975
576.3967
578.2962
579.096
580.4957
582.2952
584.0948
587.8939
591.0931
593.4925
594.4922
595.392
597.3915
598.2913
599.2911
601.0906
602.8902
605.9894
607.0892
608.4888
610.0884
611.788
612.6878
614.3874
616.087
617.9865
619.7861
620.7858
621.5856
622.1855
623.2852
624.185
625.0848
627.2842
629.4837
633.0828
636.1821
637.1818
638.4815
639.1813
640.581
642.4805
644.1801
647.6793
651.2784
651.8782
652.878
653.5778
654.5776
655.5773
656.977
657.8768
658.8765
659.6763
661.4759
663.0755
665.275
666.7746
667.7744
668.5742
670.2737
672.2733
674.1728
676.1723
678.0718
680.0714
681.471
681.9709
683.4705
684.5703
685.47
687.5695
689.1691
691.0687
692.9682
694.7678
696.6673
698.6668
700.2664
701.0662
702.6658
704.4654
706.065
707.9645
709.8641
711.6636
713.4632
714.9628
715.5627
717.3622
719.3618
721.2613
723.0609
723.1608
726.8599
728.5595
729.8592
732.2586
734.3581
738.0572
739.9567
741.5563
743.6558
745.2554
747.155
749.3544
752.7536
756.3527
758.5522
759.452
760.3517
762.4512
764.3508
765.9504
768.0499
771.749
773.6485
775.0482
775.748
777.3476
779.2471
781.0467
782.7463
784.6458
786.2454
786.9453
788.8448
790.4444
792.144
794.1435
797.7426
801.3417
803.4412
804.441
805.2408
809.1398
812.539
815.1384
816.538
818.4376
819.4373
820.537
824.1362
827.8353
831.3344
832.1342
833.3339
834.0338
835.3334
836.0333
837.5329
839.1325
840.9321
843.0316
844.9311
846.6307
848.4302
849.43
850.5297
852.1293
854.2288
857.8279
861.527
863.8265
865.626
869.2252
872.8243
876.2234
880.3224
884.0215
887.8206
891.5197
894.0191
895.7187
898.9179
903.0169
904.5165
906.816
908.6155
909.8152
911.8148
914.1142
917.7133
921.4124
923.6119
924.8116
926.0113
927.8109
929.4105
931.11
933.1096
936.0089
937.0086
938.9081
940.6077
944.1069
947.806
951.705
955.6041
959.3032
963.0023
966.5014
968.9008
972.0001
974.0995
976.5989
978.0986
981.5977
984.597
985.4968
988.8959
992.3951
995.9942
998.4936
1000.393
1003.692
1006.592
1008.091
1011.19
1015.19
1018.789
1022.888
1026.587
1028.786
1030.486
1032.485
1034.085
1035.785
1037.984
1039.684
1041.683
1043.483
1044.982
1048.781
1052.78
1056.38
1058.579
1060.279
1062.278
1064.078
1066.577
1068.177
1069.676
1071.576
1075.275
1079.074
1082.973
1084.773
1086.572
1093.47
1098.069
1105.068
1109.267
1113.266
1120.264
1127.762
1135.06
1138.859
1143.258
1146.557