6.389995
7.689993
9.189992
11.89
13.59001
16.19002
17.29002
18.59002
19.79003
20.89003
22.09004
24.69005
26.29005
27.89006
29.19007
29.49007
30.49007
31.89008
32.89008
34.09007
35.09006
36.49004
38.79
41.18996
43.68993
44.28992
45.4899
46.98988
48.18986
50.48982
51.18981
53.08978
57.28972
57.78971
60.18967
60.68967
62.48964
64.8896
67.28957
69.68953
70.18952
72.18949
74.38946
76.88942
79.08939
81.38935
82.48933
83.68932
84.8893
85.98928
87.18926
88.38924
89.58923
90.78921
91.98919
93.08917
94.28915
95.38914
96.58912
97.8891
99.08908
100.2891
101.289
102.589
103.889
104.989
106.089
107.389
108.4889
109.6889
110.6889
111.9889
113.0889
114.2888
115.4888
116.5888
118.7888
120.6888
122.4887
123.5887
126.0887
127.0887
128.4886
132.2888
132.7888
133.2888
135.589
138.2892
141.7894
142.2894
142.8894
144.1895
145.1896
147.1897
152.09
152.59
154.7902
154.8902
155.2902
156.9903
157.9904
159.2904
160.4905
161.5906
162.7906
164.0907
165.2908
166.4909
167.5909
168.691
169.7911
170.9911
172.1912
173.3913
174.5914
175.7914
176.8915
178.0916
179.3917
180.6917
181.6918
182.8919
184.192
185.192
186.2921
187.4922
188.6922
189.9923
191.2924
192.2924
193.4925
194.5926
195.7927
196.9927
198.1928
199.2929
200.493
201.693
202.8931
204.0932
205.2932
206.4933
207.6934
208.8935
209.9935
211.1936
212.3937
213.6938
214.6938
215.9939
216.994
218.294
219.2941
220.5942
221.7943
222.9943
223.3943
223.9944
224.3944
225.0945
225.5945
226.3945
226.7946
227.7946
228.7947
229.8947
232.3949
233.595
234.9951
236.0951
236.8952
237.3952
238.3953
239.5953
240.7954
241.9955
243.2956
244.3956
245.3957
246.0957
246.5958
247.1958
247.8958
248.9959
250.196
251.3961
252.6961
253.8962
254.7963
255.4963
256.1964
256.5964
257.3964
258.6965
260.7966
261.9967
263.1968
264.2968
264.8969
265.5969
266.097
266.797
268.0971
270.1972
271.3973
272.5974
273.7974
274.3975
275.1975
275.9976
276.6976
277.3976
278.5977
279.6978
280.8979
281.9979
283.298
283.998
285.4981
286.5982
287.3983
287.9983
288.4983
288.8983
290.2984
290.9985
292.0985
293.2986
295.0987
295.4987
297.3989
298.4989
299.799
300.4991
301.7991
302.7992
304.5993
305.8994
308.0995
309.7996
311.2997
312.2998
313.4998
315.0999
316.2
317.5001
319.0002
319.4002
320.6003
321.1003
322.0004
323.3004
324.7005
325.7006
326.9007
328.1007
328.8008
330.1009
330.5009
332.001
333.001
334.0011
335.2012
336.4012
337.7013
338.2014
339.4014
339.9015
340.9015
341.6016
342.6016
343.3017
344.3017
344.7018
345.8018
347.1019
347.8019
348.902
349.7021
350.7021
351.4022
352.4022
353.0023
354.1023
355.4024
356.5025
357.2025
358.3026
358.8026
360.0027
360.6027
361.5028
362.6028
363.7029
364.703
366.0031
366.5031
367.8032
368.3032
369.5033
370.1033
371.3034
371.9034
372.6035
373.1035
374.3036
375.7036
376.1037
377.4037
377.7038
378.9038
379.9039
381.304
382.6041
383.7041
385.6042
387.4044
388.2044
390.6046
391.8046
391.9046
392.4047
395.4048
396.4049
397.905
399.0051
400.2051
402.5053
403.7054
404.9054
406.1055
408.4056
409.7057
411.0058
412.0059
413.0059
414.206
415.3061
416.5061
417.7062
418.9063
421.3064
424.4066
425.8067
429.0069
430.807
435.5073
438.1075
440.4076
444.8079
447.508
449.6082
454.4084
455.0085
456.9086
457.4086
459.3087
460.5088
461.7089
462.809
464.009
465.2091
466.4092
467.3092
468.6093
469.8094
471.0095
471.9095
473.2096
474.4097
475.6097
476.8098
478.1099
480.11
481.6101
482.8102
483.9102
485.2103
486.5104
487.7105
488.8105
489.9106
491.1107
492.3108
493.6108
494.8109
496.011
497.1111
498.8112
500.5113
501.6113
504.3115
505.4116
506.6116
507.7117
509.0118
510.1118
511.2119
513.612
514.7117
515.8115
517.1111
518.2109
519.6105
520.7103
521.81
523.1097
524.2094
525.4091
526.5089
527.8085
529.0082
530.3079
530.7078
532.5074
533.1072
534.7068