6.589994
8.489992
9.189992
11.79
13.89001
14.59001
15.89002
16.29002
18.69003
20.99003
23.09004
23.39004
25.49005
27.29006
27.79006
30.19007
31.89008
32.59008
34.09007
34.49007
36.89003
39.28999
40.98997
41.68996
43.88992
45.6899
46.48988
48.78985
50.38982
52.1898
52.88979
55.28975
57.88971
59.98968
60.48967
62.58964
64.08961
64.8896
67.08957
68.78954
69.18954
70.58952
71.28951
73.78947
76.38943
77.9894
78.58939
80.58936
81.38935
82.78933
83.28932
85.48929
87.18926
87.78925
89.18923
89.88922
92.38918
94.78915
96.68912
97.18911
98.78909
99.58907
100.8891
101.489
103.989
105.789
106.689
107.8889
108.6889
110.4889
111.1889
113.2889
114.9888
115.7888
116.0888
117.9888
119.3888
120.1888
122.6887
124.1887
124.8887
126.0887
126.7887
129.2886
131.8888
133.3889
134.0889
136.189
137.6891
138.3892
140.8893
142.4894
143.1895
144.3895
145.0896
145.9896
147.5897
150.3899
151.49
152.49
154.0901
154.6902
156.2903
156.9903
158.9904
160.9905
161.6906
163.1907
163.9907
165.7908
168.491
170.1911
170.8911
172.2912
172.9913
174.9914
177.6916
178.9916
179.8917
180.4917
181.4918
182.1918
182.8919
184.192
184.892
187.1921
188.7922
189.4923
191.3924
191.8924
193.3925
194.2926
196.5927
197.9928
198.5928
199.5929
200.3929
200.893
202.2931
203.1931
205.5933
207.6934
210.0935
211.6936
212.2937
214.6938
216.4939
217.094
218.394
219.1941
221.5942
223.8944
225.7945
226.4945
228.1946
228.7947
230.1948
230.9948
232.8949
234.8951
235.4951
237.1952
237.9952
240.0954
242.4955
244.2956
244.9957
246.3958
246.9958
248.7959
249.4959
251.2961
253.2962
253.6962
255.5963
256.2964
258.2965
258.8965
260.8966
262.7968
263.5968
264.3969
265.3969
266.297
267.497
270.1972
271.9973
272.7974
273.7974
274.7975
276.1976
276.9976
279.3978
281.2979
281.8979
283.998
285.6982
286.3982
288.8983
290.4984
291.0985
293.2986
295.7988
298.0989
299.899
300.4991
302.6992
303.9993
304.7993
307.2995
309.1996
310.0996
312.0998
313.8999
314.5999
316.5
318.5002
319.1002
321.3003
323.2004
325.8006
328.0007
330.5009
332.301
332.901
334.9012
336.8013
337.6013
339.6014
341.8016
343.8017
344.3017
346.6019
348.802
351.0021
353.5023
355.4024
356.4025
358.0026
359.3026
360.2027
362.4028
364.1029
365.003
366.2031
367.1031
369.5033
371.8034
373.5035
374.1035
376.2037
377.9038
378.7038
381.104
382.8041
383.5041
384.8042
385.6042
387.7044
390.4045
392.2047
392.8047
394.8048
396.5049
397.205
399.4051
401.3052
402.0052
403.5053
404.3054
406.5055
408.8057
410.5058
411.2058
413.3059
415.006
415.7061
417.6062
419.5063
420.3064
422.0065
422.8065
424.8066
427.2068
428.9069
429.6069
431.6071
433.3072
434.0072
436.3073
438.1075
438.9075
440.4076
441.2076
443.0078
445.5079
447.208
448.0081
449.5081
450.5082
452.0083
454.7085
456.3086
457.2086
458.5087
459.4088
461.6089
464.109
465.8091
466.6092
468.6093
470.4094
471.2095
473.4096
475.2097
476.0098
477.8099
479.81
480.51
482.6102
484.6103
485.3103
487.4105
489.2106
489.9106
491.9107
493.6108
494.4109
496.111
498.2111
498.9112
501.0113
503.3114