4.999999
6.399998
8.099997
8.699996
10.5
12.4
14.20001
14.80001
15.70002
16.40002
18.00002
20.00003
21.80004
22.60004
23.50005
24.10005
25.30005
26.00006
27.90006
29.60007
31.30008
33.00008
35.00007
36.80004
39.3
40.59998
41.59997
42.79995
46.59989
49.09985
50.39983
52.6998
53.79978
54.69977
56.69974
57.69972
58.39971
62.29965
63.59963
64.59962
65.4996
67.09958
68.19956
69.49954
71.29951
72.2995
73.39948
75.69945
76.89943
79.0994
80.39938
81.39936
82.59934
85.0993
85.89929
88.29926
89.99923
93.09918
94.09917
95.19915
96.69913
98.6991
100.4991
102.399
103.299
104.299
105.999
108.3989
110.2989
111.2989
114.1989
115.1988
115.9988
118.0988
118.9988
121.3988
123.5987
125.2987
127.2987
129.2986
130.6987
132.3988
133.6988
134.6989
137.099
137.9991
140.7993
142.5994
144.1995
146.7996
148.8998
150.2999
152.4
154.6001
156.5002
158.5004
160.1004
161.4005
162.4006
163.8007
164.7007
165.8008
166.6008
168.1009
170.1011
171.5011
172.5012
173.4013
174.1013
175.1014
176.1014
177.0015
177.9015
178.2016
179.2016
179.9017
181.9018
183.1019
184.1019
185.002
185.902
187.0021
189.2022
191.3024
193.2025
194.4025
195.3026
197.0027
198.8028
200.8029
202.703
204.7032
208.4034
212.2036
213.9037
215.5038
216.2039
217.1039
219.2041
220.1041
220.2041
222.1042
224.1044
225.2044
226.1045
227.3046
228.1046
229.8047
231.1048
232.2048
233.5049
234.605
235.305
236.6051
237.5052
238.4052
239.3053
240.4053
241.5054
242.6055
243.5055
245.5057
247.1058
249.0059
251.106
252.8061
254.5062
255.4063
256.2063
257.3064
258.9065
261.1066
262.0067
264.4068
266.2069
269.4071
273.5074
275.7075
277.5076
278.9077
279.8077
281.1078
281.8079
287.5082
289.1083
294.3086
295.2087
297.0088
300.409
303.2092
304.3092
306.5094
307.6094
308.7095
310.1096
311.9097
313.0098
314.5099
316.41
317.8101
318.8101
319.8102
321.9103
323.0104
324.0104
325.6105
327.4106
328.4107
331.3109
332.2109
335.4111
339.3114
340.3114
341.3115
343.0116
344.9117
346.0118
347.0118
348.1119
349.612
350.6121
352.5122
353.5122
354.7123
356.3124
357.9125
359.3126
362.0128
362.9128
364.2129
365.513
366.613
369.8132
371.4133
372.3134
373.4135
375.0135
376.1136
377.0137
379.5138
380.5139
381.3139
383.3141
384.2141
384.7141
387.3143
388.2144
389.5144
391.1145
393.3147
395.3148
397.2149
400.7151
404.2153
405.3154
406.4155
407.4155
408.5156
409.4156
410.4157
411.4158
412.6158
413.7159
414.916
416.0161
417.3161
418.4162
419.1162
420.3163
421.4164
422.6165
423.6165
424.6166
425.6166
426.5167
427.4167
428.5168
429.7169
429.9169
431.217
432.4171
433.5171
434.7172
435.7173
436.7173
437.8174
438.9174
439.9175
440.9176
442.3177
443.4177
445.5179
447.0179
448.8181
450.8182
454.4184
