4.999999
6.999998
9.299995
11.4
12.3
13.20001
14.00001
14.40001
16.50002
18.80003
21.20004
21.90004
22.80004
23.70005
26.10006
28.50006
31.00007
31.30008
32.20008
33.00008
33.90009
35.90005
38.10002
40.29999
42.69995
45.19991
47.49988
49.79984
50.59983
51.39982
52.3998
54.99976
56.89973
59.1997
60.09969
60.89967
61.79966
64.29962
66.79958
69.29955
70.89952
71.79951
72.59949
74.29947
76.79943
79.19939
81.69936
83.89932
86.09929
86.89928
87.69926
88.49925
90.99921
93.69917
95.49915
96.29913
97.79911
98.6991
100.0991
102.899
105.499
107.899
109.1989
110.0989
110.7989
112.7989
114.9988
117.6988
119.3988
120.2988
122.3987
124.8987
127.1987
128.3987
129.3986
131.5987
133.4988
134.2989
135.799
136.699
137.2991
138.7991
141.5993
142.5994
143.8995
146.4996
147.9997
148.8998
151.0999
152.7
153.6001
155.3002
156.2002
157.7003
158.6004
160.7005
163.1006
165.5008
166.8009
167.7009
168.401
170.2011
171.9012
172.7012
174.2013
175.1014
176.8015
177.6015
179.9017
182.4018
184.802
185.902
186.8021
187.6021
189.5022
191.8024
194.1025
195.9026
196.8027
197.7027
198.6028
200.0029
201.103
202.003
203.4031
204.3031
204.6032
205.6032
206.5033
208.3034
209.6035
210.7035
211.5036
212.8037
213.7037
214.6038
215.6038
216.4039
217.704
219.2041
220.1041
220.5041
222.5043
223.4043
224.2044
225.2044
226.1045
226.9045
227.4046
228.4046
229.4047
230.1047
231.0048
231.8048
232.4049
233.5049
234.405
235.305
236.9051
238.3052
239.3053
240.2053
241.9054
242.8055
243.8056
244.8056
246.6057
248.0058
249.0059
249.9059
251.606
252.4061
253.3061
254.3062
255.8063
257.8064
258.9065
261.4066
262.3067
263.3067
264.4068
265.7069
267.507
268.407
271.0072
273.4073
275.8075
278.3076
280.9078
282.6079
283.408
285.1081
286.0081
287.4082
288.3083
289.8083
290.7084
291.9085
292.8085
294.5086
295.5087
297.3088
300.009
301.4091
302.4091
304.7093
307.2094
309.7096
312.0097
314.4099
317.01
319.5102
320.8102
321.6103
323.4104
324.2104
325.9106
326.8106
328.3107
329.2108
330.6108
331.5109
333.411
336.1112
338.5113
340.0114
340.8115
343.1116
345.8118
348.2119
350.5121
352.8122
354.4123
355.3123
357.7125
359.2126
360.0126
361.4127
362.3128
363.9129
364.8129
366.413
367.3131
368.6132
369.6132
371.7133
372.6134
373.7135
374.5135
376.7137
378.4138
379.3138
380.8139
381.714
383.3141
384.2141
385.5142
386.5143
388.0143
389.1144
391.3145
393.4147
395.9148
397.4149
398.415
400.2151
401.1151
402.8152
403.8153
405.2154
406.1154
407.3155
408.1156
410.4157
412.8159
415.316
416.8161
417.5161
417.7162
420.2163
422.4164
424.8166
427.3167
429.6169
432.217
434.5172
436.2173
437.0173
439.3175
441.1176
441.9176
444.1178
445.7179
446.5179
448.718
451.4182
453.8184
455.5185
456.2185
458.2186
460.1187
461.0188
463.2189
465.019
466.0191
468.0192
470.8194
473.1195
474.3196
475.2197
477.6198
479.5199
480.32
482.3201
484.1202
484.9203
487.3204
489.8206
492.1207
493.1208
494.0208
494.9209
497.021
499.2211
501.6213
503.0214
503.9214
504.6215
505.5215
507.3216
508.0217
510.0218
510.9218
511.7219
512.522
513.322
514.022
515.3217
516.9213
517.9211
518.6209
520.4205
521.3203
522.1201
523.1198
524.7194
526.319
527.2188
528.1186
530.2181
531.0179
531.9177
532.7175
534.3171
535.8167
536.8165
537.7162
539.8157
541.4153
542.3151
543.1149
543.9147
544.8145
545.5143
546.3141
547.014
547.9138
548.8135
550.0132
550.913
551.9128
552.9125
553.8123
554.8121
555.8118
556.6116
557.7114
558.7111
559.7109
560.6107
561.4105
562.7101
563.8099
565.4095
566.5092
568.2088
569.1086
571.1081
573.8074
576.0069
576.7067
577.5065
578.7062
580.7057
583.2051
585.5046
588.1039
589.5036
590.6033
592.2029
593.2027
594.6024
595.4022
597.3017
598.0015
599.4012
600.301
602.5004
604.8998
607.1993
608.5989
609.3987
610.2985
611.6982
614.4975
616.7969
619.1964
621.5958
623.9952
626.3946
628.1942
629.0939
630.4936
631.2934
633.093
633.9927
635.4924
636.2922
637.8918
640.6911
643.0905
645.4899
647.2895
648.0893
650.2888
652.7881
654.9876
656.9871
657.687
659.5865
661.586
662.3858
664.5853
666.2849
667.1846
668.7842
669.584
671.3836
672.1834
673.983
674.7828
676.1824
676.9822
677.882
678.7818
680.6813
681.5811
683.8806
685.7801
686.6799
688.4794
689.4792
690.7789
691.7786
693.0783
693.9781
695.1778
698.0771
700.6765
703.3758
705.1754
706.0751
707.6747
709.8742
710.674
712.2736
713.1734
714.773
715.5728
717.6723
720.0717
722.4711
724.0707
724.8705
727.07
729.5694
731.8688
734.3682
736.7676
739.0671
741.6664
744.0659
746.3653
748.6647
751.1641
753.6635
756.0629
758.5623
760.4619
762.8613
765.5606
768.06
770.5594
773.0588
775.1583
777.3577
779.9571
781.6567
782.4565
784.7559
786.8554
789.6547
792.0541
794.4536
796.753
799.5523
800.5521
801.4518
804.3511
806.5506
808.95
810.9495
813.049
813.9488
814.9485
815.9483
816.9481
818.1478
819.2475
820.2473
821.147
822.2468
823.3465
824.4462
825.546
826.7457
827.8454
828.9451
829.9449
830.9446
832.2443
835.0436
836.2433
837.2431
838.1429
839.6425
842.4418
844.9412
847.5406
849.7401
853.3392
856.6384
858.4379
859.2377
861.0373
861.9371
863.6367
864.4365
865.9361
866.8359
868.2355
869.0353
871.3348
874.0341
876.4335
877.8332
878.733
880.8325
883.2319
885.7313
888.0307
890.73
892.9295
895.3289
896.9285
897.7283
899.228
900.1277
901.7274
902.6271
904.2267
905.1265
906.6262
907.5259
909.4255
912.0248
914.3243
916.2238
917.0236
919.0231
921.5225
924.0219
926.5213
928.7208
931.0202
933.6196
935.3192
936.019
937.6186
938.4184
940.3179
941.1177
942.8173
943.6171
944.9168
945.7166
947.9161
950.5154
952.9149
954.3145
955.2143
956.8139
957.6137
959.2133
960.1131
961.9127
962.9124
964.0121
967.0114
969.5108
971.9102
973.6098
974.5096
976.3091
977.1089
978.5086
979.3084
980.908
981.7078
983.3074
984.2072
986.5067
988.8061
991.3055
992.9051
993.7049
995.9044
