11.4
14.00001
15.90002
17.10002
19.00003
20.70004
21.70004
22.90004
24.40005
25.50005
26.70006
28.30006
31.00007
32.80008
34.70007
35.90005
37.80003
39.4
40.59998
42.69995
45.19991
47.59988
49.99984
51.99981
53.49979
54.69977
56.89973
57.79972
59.59969
61.79966
64.29962
66.59959
68.99955
71.29951
73.69948
76.19944
78.4994
80.79937
83.19933
85.4993
87.89926
89.59924
91.49921
92.49919
94.39916
96.19913
97.49911
98.4991
99.59908
100.9991
102.099
103.199
104.399
106.799
108.6989
110.3989
111.5989
113.3989
115.0988
116.3988
117.3988
118.7988
121.0988
123.2987
125.5987
127.2987
128.0986
129.2986
130.5986
132.5988
133.3988
135.0989
137.4991
139.8992
142.2994
144.6995
146.9996
149.2998
151.6999
154.2001
156.2002
157.4003
158.5004
160.9005
161.8006
163.7007
165.0007
165.9008
166.7009
168.2009
169.301
170.5011
171.2011
172.0012
173.2012
174.5013
175.4014
176.2014
177.2015
178.3016
179.2016
180.1017
180.9017
182.5018
184.702
185.502
186.5021
187.3021
188.1022
189.7023
192.1024
194.0025
194.9026
195.7026
196.7027
197.7027
198.9028
199.7029
201.403
202.103
203.8031
204.4032
206.0033
206.7033
208.3034
209.0034
210.6035
211.4036
212.9037
213.7037
215.3038
216.0039
217.704
218.304
220.0041
220.8042
221.6042
222.3042
223.0043
223.9043
224.7044
225.5044
226.3045
227.0045
227.7046
228.5046
229.2047
229.7047
230.5047
231.8048
232.8049
234.505
235.5051
236.8051
239.0053
239.5053
240.8054
241.7054
242.5055
243.3055
244.5056
245.5057
246.5057
247.3058
248.2058
249.2059
250.1059
251.106
252.2061
253.0061
254.0062
255.0062
255.9063
256.9064
257.8064
258.9065
259.9065
260.8066
261.9066
262.8067
263.7068
264.7068
265.8069
266.8069
267.907
268.407
269.2071
270.2072
271.2072
272.2073
273.9074
274.8074
275.7075
276.9076
277.8076
278.9077
279.8077
280.9078
281.6078
282.7079
283.808
284.708
285.4081
286.0081
288.6083
290.0084
290.9084
292.1085
293.5086
294.0086
295.7087
296.9088
298.0089
298.9089
300.509
303.5092
304.6093
305.7093
306.8094
307.5094
308.6095
309.8096
311.4097
312.2097
313.3098
314.7099
315.7099
316.41
317.01
318.0101
318.9101
319.9102
320.7102
321.7103
322.5103
323.4104
324.5105
324.6105
326.0106
326.3106
327.0106
328.2107
329.1107
330.4108
331.3109
332.3109
333.511
334.4111
335.4111
336.3112
336.9112
337.9113
338.8113
339.9114
340.8115
341.8115
342.9116
343.9117
344.9117
345.8118
346.8118
347.8119
348.5119
349.212
350.312
351.4121
351.4121
352.4122
353.4122
354.3123
355.1123
355.8124
356.4124
357.2125
358.4125
359.4126
360.4127
361.4127
362.2128
362.8128
363.6129
364.3129
364.9129
365.413
366.413
368.7132
369.5132
370.5133
371.5133
372.1134
373.1134
373.3134
374.3135
374.9135
375.9136
377.7137
378.4138
379.2138
380.3139
381.3139
382.714
383.3141
384.5141
385.5142
386.7143
387.8143
388.8144
389.8145
390.5145
391.7146
392.8146
393.9147
395.3148
397.1149
398.615
399.9151
400.8151
402.1152
403.3153
403.7153
405.0154
406.3155
407.4155
409.3156
411.0157
412.7159
414.2159
415.916
417.5161
418.5162
419.6163
420.5163
421.6164
423.4165
425.6166
427.8168
429.6169
431.617
432.7171
434.7172
435.6172
436.4173
437.4174
439.3175
439.9175
442.0176
442.8177
444.0178
444.5178
446.5179
447.318
448.8181
449.5181
450.6182
451.3182
452.4183
453.2183
454.2184
455.2184
456.6185
458.0186
459.1187
460.1187
461.2188
461.9189
462.5189
463.519
465.9191
467.8192
469.1193
470.3194
471.2194
472.6195
474.3196
475.4197
476.6198
477.7198
478.6199
479.5199
480.72
482.1201
484.2202
486.5204
487.8204
489.2205
491.1206
492.6207
493.7208
494.7209
495.4209
496.621
497.721
498.9211
499.7212
500.5212
501.6213
502.7213
503.6214
505.0215
506.0215
507.3216
508.5217
510.2218
511.2219
512.1219
513.1219
515.2217
517.6212
520.1205
522.42
524.6194
525.4193
526.319
527.2188
527.8187
528.5185
529.6182
532.0176
534.0172
534.617
535.5168
536.2166
537.4163
538.0162
538.5161
539.1159
540.8155
542.1152
543.015
545.9142
548.4136
550.913
553.2125
555.7119
558.0113
560.4107
562.7101
565.2095
567.6089
569.8084
572.0079
574.5073
577.0067
579.506
581.8055
584.1049
585.3046
585.8045
588.5038
590.9033
593.3027
595.8021
598.3015
598.8013
600.4009
603.0003
605.2997
607.5992
610.1985
612.398
614.8974
617.0969
619.3963
621.8957
624.1951
625.9947
626.4946
628.994
631.3934
633.7928
636.0922
638.3917
640.7911
643.0905
645.29
645.5899
647.8893
650.2888
652.7881
655.1876
657.287
658.3868
659.5865
660.8862
662.0859
663.2856
664.6852
665.8849
667.0847
668.2844
669.4841
670.5838
671.6835
672.7833
674.0829
675.1827
676.3824
677.6821
678.7818
680.0815
681.1812
682.3809
683.5806
684.7803
685.8801
687.0798
688.1795
689.3792
690.379
691.4787
692.5784
693.7781
694.8779
697.4772
699.3768
701.1763
702.376
703.5757
704.6755
705.8752
707.1749
708.2746
711.5738
713.4733
715.1729
716.4726
718.2722
719.9717
721.1714
723.4709
725.7703
728.0698
730.4692
731.6689
732.5687
734.0683
735.368
737.4675
738.1673
739.9669
742.2663
744.4658
744.8657
747.2651
749.5645
751.764
752.1639
754.1634
756.4628
759.0622
761.2617
763.6611
766.0605
768.4599
770.1595
771.959
772.9588
774.7584
776.6579
777.6577
778.8574
779.7571
781.1568
782.3565
783.5562
784.8559
785.7557
787.0554
788.355
789.0549
790.4545
791.8542
792.9539
793.5538
795.3533
796.653
797.7527
798.8525
801.4518
803.7513
806.0507
807.6503
808.4501
809.7498
810.9495
812.949
813.3489
815.3484
817.7479
820.2473
822.7466
825.1461
827.2455
829.7449
832.1443
834.5438
836.6432
837.2431
839.3426
841.3421
843.7415
845.841
847.4406
849.1402
850.4399
851.4396
852.9393
