10.2
14.10001
15.80002
16.90002
17.80002
21.60004
25.20005
28.80007
32.50008
35.90005
39.5
43.59994
47.29988
50.89983
54.59977
58.79971
62.59965
64.19962
66.29959
68.39956
70.29953
71.9995
73.89948
75.69945
76.49944
77.49942
78.5994
81.49936
85.0993
88.79925
90.19923
91.09921
92.29919
92.89919
94.39916
95.39915
96.89912
98.6991
100.5991
104.099
107.899
109.5989
111.5989
115.2988
119.0988
122.7987
126.5987
130.4986
134.0989
135.4989
136.899
137.9991
141.3993
144.9995
148.5997
149.2998
150.2999
150.5999
152.6
156.2002
160.1004
163.7007
167.2009
170.9011
173.8013
175.2014
178.6016
182.7018
186.4021
190.3023
193.7025
195.3026
196.5027
197.7027
201.203
204.8032
208.8034
210.0035
210.9035
212.3036
216.5039
219.9041
223.8043
227.5046
230.7048
235.005
238.7052
242.6055
246.3057
250.1059
252.1061
253.9062
254.8062
256.5063
258.7065
261.2066
263.2067
265.1068
267.007
268.8071
269.8071
271.2072
272.1073
273.8074
276.7076
277.9076
279.0077
280.5078
282.2079
283.2079
284.208
284.708
285.5081
287.2082
289.9084
291.5085
293.3086
295.3087
297.3088
298.4089
299.3089
300.309
301.9091
303.5092
304.5092
306.1093
307.0094
308.4095
310.3096
312.0097
314.1098
315.9099
317.7101
319.3102
321.5103
323.2104
325.0105
325.7105
326.4106
327.1106
327.9107
328.7107
330.4108
332.811
334.7111
335.7112
337.4113
338.2113
339.1114
340.1114
342.0115
344.1117
346.2118
347.9119
349.712
351.5121
353.2122
354.7123
356.5124
357.3125
358.9126
360.1126
361.0127
362.4128
364.4129
366.513
368.3131
370.4133
372.0134
374.0135
374.7135
375.8136
377.2137
378.7138
379.6138
380.7139
382.314
383.6141
385.3142
386.5143
388.0143
388.8144
390.6145
